0  c 1 16 0 11 90   
1  c 1 16 1 11 90
2  c 0 10 11 0 1
3  c 11 48 7
7  c 0 2 3 0 1
8  c 1 16 1 11 91
9  c 0 10 11 0 1
10 c 11 49 13
13 c 0 4 3 0 1 
14 c 11 50 16
16 c 0 6 3 0 1
17 c 0 10 11 1 0
18 c 11 51 21
21 c 0 8 3 0 1


22 c 1 26 11 0 90
23 c 11 48 27
27 c 1 18 3 0 91
28 c 1 26 11 0 91
29 c 11 49 31
31 c 1 20 3 0 91
32 c 11 50 35
35 c 1 22 3 0 91
36 c 1 26 11 0 93
37 c 11 51 40
40 c 1 8 11 0 91
41 c 11 57 45
42 c 1 22 9 0 91
43 c 1 24 9 0 91


45 c 1 18 9 0 91
46 c 1 20 9 0 91
47 c 11 58 0


44 c 11 59 0
90 i -100
91 i 100
93 i -1000
92 e 0